{"stage": "calib", "device_id": "18443010A1B1631200", "device_type": "bw1098obc", "bootloader_version": "library", "library_version": "2.19.1.0", "start_time": "2022-11-29T08:43:13.859813", "end_time": "2022-11-29T08:45:23.915706", "result_data": {"result_config": {"name": "OAK-D", "revision": "R1M0E1", "cameras": {"CAM_A": {"name": "rgb", "hfov": 68.7938, "type": "color", "sensorName": "IMX378", "hasAutofocus": true, "intrinsics": [[3148.9236373686185, 0.0, 1855.4398666575546], [0.0, 3148.9236373686185, 1086.189360369778], [0.0, 0.0, 1.0]], "dist_coeff": [[-14.988980242760043], [15.276556980948072], [-5.911433977305482e-05], [-0.007981307876610538], [515.4925295561079], [-15.108665873436323], [17.58006106299001], [503.19333936614953], [0.0], [0.0], [0.0], [0.0], [0.0], [0.0]], "size": [3840, 2160], "reprojection_error": 2.9732917281651248}, "CAM_B": {"name": "left", "hfov": 71.86, "type": "mono", "extrinsics": {"to_cam": "CAM_C", "specTranslation": {"x": -7.5, "y": 0, "z": 0}, "rotation": {"r": 0, "p": 0, "y": 0}, "rotation_matrix": [[0.99334763172634, -0.004103415100613397, -0.11508103461554282], [0.01260112402122634, 0.9972368488660062, 0.07321119407030705], [0.11446263240496167, -0.07417431663527846, 0.9906545697338787]], "translation": [[-9.464063474689464], [0.7192783009324886], [-1.1881866430114465]], "stereo_error": 35.73574114591954, "epipolar_error": 4.451616707577068}, "sensorName": "OV9282", "hasAutofocus": false, "intrinsics": [[795.7730763023193, 0.0, 540.5942902128064], [0.0, 795.7730763023193, 402.6636588155304], [0.0, 0.0, 1.0]], "dist_coeff": [[-1.5188843556882823], [-1.040177133759014], [0.012990825336790449], [-0.030300116311078686], [1.7506830110605343], [-1.5804438367503955], [-0.8854299832894551], [1.6545075156896547], [0.0], [0.0], [0.0], [0.0], [0.0], [0.0]], "size": [1280, 800], "reprojection_error": 33.89636378614594}, "CAM_C": {"name": "right", "hfov": 71.86, "type": "mono", "extrinsics": {"to_cam": "CAM_A", "specTranslation": {"x": 3.75, "y": 0, "z": 0}, "rotation": {"r": 0, "p": 0, "y": 0}, "rotation_matrix": [[0.999910895689712, 0.0038013813034595677, 0.012796490971495298], [-0.0030934692555600373, 0.9984874500326335, -0.05489301025899467], [-0.01298580490238312, 0.05484853350377653, 0.9984102399532581]], "translation": [[4.797840383867416], [-0.527265446893734], [2.03774525798451]], "stereo_error": 15.626414651633953, "epipolar_error": 3.569422325370081}, "sensorName": "OV9282", "hasAutofocus": false, "intrinsics": [[758.0348858212218, 0.0, 623.8739375498159], [0.0, 758.0348858212218, 341.13872003485835], [0.0, 0.0, 1.0]], "dist_coeff": [[1.4039695339766745], [-0.43671227910811206], [-0.009472791235042797], [0.009826954571589521], [-1.3571030523348082], [0.9326653096476379], [0.7469743142686147], [-2.17976512229955], [0.0], [0.0], [0.0], [0.0], [0.0], [0.0]], "size": [1280, 800], "reprojection_error": 29.33693410027496}}, "stereo_config": {"left_cam": "CAM_B", "right_cam": "CAM_C", "rectification_left": [[0.9960905191430602, -0.08826135774783064, 0.0036892278078664367], [0.08808213768655992, 0.9955130351841461, 0.03457359974048037], [-0.006724187227819693, -0.03411347984240988, 0.9993953450958069]], "rectification_right": [[0.9894017710109408, -0.07519552533598109, 0.12421661921763931], [0.07943241401838745, 0.9964033906734239, -0.02950889116377934], [-0.1215509239933027, 0.039062975103672286, 0.9918162414744096]]}}, "legacy_log": {"time": "11-29-2022 08:45:23", "Mx_serial_id": "18443010A1B1631200", "rgb-CCM": "ArduCam", "rgb-focus-stdDev": 29.801331061913572, "rgb-Reprojection-Error": 2.9732917281651248, "left-CCM": "ArduCam", "left-focus-stdDev": 43.438847962251, "left-Reprojection-Error": 33.89636378614594, "Epipolar-error-left-right": 4.451616707577068, "right-CCM": "ArduCam", "right-focus-stdDev": 57.747510527087094, "right-Reprojection-Error": 29.33693410027496, "Epipolar-error-right-rgb": 3.569422325370081}, "tests": {"USB3": true, "rgb-Camera-connected": true, "rgb-Stream": true, "left-Camera-connected": true, "left-Stream": true, "right-Camera-connected": true, "right-Stream": true, "rgb-Focus": true, "left-Focus": true, "right-Focus": true}}, "error": "high Reprojection Error"}
